[DEBUG] Filtered 34 grasps within ±30° of vertical out of 90 total predictions.

Visualizing top 1 grasps after vertical filtering...
[DEBUG] Grasp预测结果 - 平移: [    0.36521     0.11969        0.32], 旋转矩阵:
[[   -0.15579     0.90573     0.39418]
 [   -0.33291    -0.42385     0.84233]
 [       0.93           0     0.36756]]
2025-03-12 21:39:21 - robotic_arm_package.robotic_arm - INFO: Get_Current_Arm_State:0

[DEBUG] 当前末端位姿: [0.4180389940738678, 0.10054100304841995, 0.4081389904022217, -3.0959999561309814, -0.004000000189989805, 0.2549999952316284]

===== [DEBUG] In convert_new =====
[DEBUG] T_cam2ee (camera->end):
 [[  0.0088198    -0.99904   -0.042987    0.098301]
 [    0.99994   0.0091041  -0.0064209   -0.040216]
 [   0.006806   -0.042927     0.99906   -0.017569]
 [          0           0           0           1]]
[DEBUG] current_pose: [0.4180389940738678, 0.10054100304841995, 0.4081389904022217, -3.0959999561309814, -0.004000000189989805, 0.2549999952316284] (XYZ assumed)
[DEBUG] ee_rotmat (from Euler xyz):
 [[    0.96766     0.25216  -0.0076299]
 [    0.25224    -0.96661    0.045111]
 [      0.004   -0.045577    -0.99895]]
[DEBUG] T_base2ee (base->end):
 [[    0.96766     0.25216  -0.0076299     0.41804]
 [    0.25224    -0.96661    0.045111     0.10054]
 [      0.004   -0.045577    -0.99895     0.40814]
 [          0           0           0           1]]
[DEBUG] grasp_translation (cam-coords): [    0.36521     0.11969        0.32]
[DEBUG] grasp_rotation_mat (cam-coords):
 [[   -0.15579     0.90573     0.39418]
 [   -0.33291    -0.42385     0.84233]
 [       0.93           0     0.36756]]
[DEBUG] T_cam2grasp (camera->grasp):
 [[   -0.15579     0.90573     0.39418     0.36521]
 [   -0.33291    -0.42385     0.84233     0.11969]
 [       0.93           0     0.36756        0.32]
 [          0           0           0           1]]
[DEBUG] T_base2grasp (base->grasp):
 [[    0.23308     0.64469    -0.72805     0.46668]
 [    0.27525    -0.76179    -0.58645    -0.20716]
 [   -0.93269    -0.06371    -0.35501    0.094083]
 [          0           0           0           1]]
[DEBUG] base_trans: (0.4666752131234686, -0.20715788773199467, 0.09408266266609272)
[DEBUG] base_rotmat:
 [[    0.23308     0.64469    -0.72805]
 [    0.27525    -0.76179    -0.58645]
 [   -0.93269    -0.06371    -0.35501]]
[DEBUG] base_euler (xyz, radians): [     3.0734     0.36292     -2.4635]
[DEBUG] base_euler (xyz, degrees): [     176.09      20.794     -141.15]
[DEBUG] convert_new result [x,y,z,rx,ry,rz]: [0.4666752131234686, -0.20715788773199467, 0.09408266266609272, 3.073391121766041, 0.3629222577940394, -2.463503811106084]
===== [DEBUG] End of convert_new =====

[DEBUG] 基坐标系抓取位姿: [0.4666752131234686, -0.20715788773199467, 0.09408266266609272, 3.073391121766041, 0.3629222577940394, -2.463503811106084]
[DEBUG] 调整后的抓取位姿: [0.4666752131234686, -0.20715788773199467, 0.19408266266609273, 3.073391121766041, 0.3629222577940394, -2.463503811106084]

[DEBUG] --- 开始运动控制 ---
抓取目标位置: [0.4666752131234686, -0.20715788773199467, 0.19408266266609273, 3.073391121766041, 0.3629222577940394, -2.463503811106084]
2025-03-12 21:39:30 - robotic_arm_package.robotic_arm - INFO: Movej_P_Cmd执行结果:0
闭合夹爪
